"","Agrigento","Alessandria","Ancona","Aosta","Arezzo","Ascoli Piceno","Asti","Avellino","Bari","Barletta-Andria-Trani","Belluno","Benevento","Bergamo","Biella","Bologna","Bolzano","Brescia","Brindisi","Cagliari","Caltanissetta","Campobasso","Caserta","Catania","Catanzaro","Chieti","Como","Cosenza","Cremona","Crotone","Cuneo","Enna","Fermo","Ferrara","Firenze","Foggia","Forlì-Cesena","Frosinone","Genova","Gorizia","Grosseto","Imperia","In fase di definizione/aggiornamento","Isernia","L'Aquila","La Spezia","Latina","Lecce","Lecco","Livorno","Lodi","Lucca","Macerata","Mantova","Massa Carrara","Matera","Messina","Milano","Modena","Monza e della Brianza","Napoli","Novara","Nuoro","Oristano","Padova","Palermo","Parma","Pavia","Perugia","Pesaro e Urbino","Pescara","Piacenza","Pisa","Pistoia","Pordenone","Potenza","Prato","Ragusa","Ravenna","Reggio di Calabria","Reggio nell'Emilia","Rieti","Rimini","Roma","Rovigo","Salerno","Sassari","Savona","Siena","Siracusa","Sondrio","Sud Sardegna","Taranto","Teramo","Terni","Torino","Trapani","Trento","Treviso","Trieste","Udine","Varese","Venezia","Verbano-Cusio-Ossola","Vercelli","Verona","Vibo Valentia","Vicenza","Viterbo"
"Agrigento",677574.660540398,112.827333422291,203.860031862192,87.1263949370596,204.828965969645,263.936292657986,109.453948659954,584.555272986867,384.992072813801,410.181563906809,102.626684700643,524.856392208697,102.726775354699,94.9432084315433,148.774184193037,92.957141691897,109.385182257724,358.082518361692,505.084618184501,45543.3401991428,432.927701738514,559.039990341091,5508.36423098003,989.544479573583,316.655591251525,96.9677771521104,970.325619514852,118.537233235046,741.823734494894,114.09459923916,21769.8408407321,236.849116490907,137.78143527766,180.732687659574,414.973976873184,164.945152153711,431.95864557266,129.008742341498,108.800139659826,243.51938005982,132.692174865155,5.25796514280926,437.327962640888,318.885652046838,149.222223316571,461.829727089441,366.708060104685,97.8197166284501,179.357228398615,110.321086237026,168.220709007288,225.93487308882,122.838776690346,155.653926837528,482.968580111894,2512.21198850621,104.710460678054,140.133596254853,102.714569141277,637.404763157784,101.230007770306,402.718743319039,367.701855666529,120.621512305507,11923.916988106,130.425748408389,110.893612614273,235.465254920159,185.035294360498,302.586537514089,118.287800716961,172.851703409894,168.982518990768,107.786160764643,575.90457707466,173.428994949615,8198.3963588468,157.089323993681,2449.10310006263,136.128339135436,308.773235088232,175.607661780863,373.346048714803,130.62952701323,665.807576832399,300.244459393286,126.818131302271,207.602282118623,4203.4605151134,94.0367288189115,419.305064342248,447.566352963568,283.384999680587,288.729520327242,101.279333143412,6615.29952021705,101.189574502837,114.404791820222,116.529538167616,105.716075569345,95.281853626096,121.193879035195,91.7705521516743,102.258145498294,116.044925147267,1391.19996709785,115.483264733321,296.191148338638
"Alessandria",112.827333422291,677574.660540398,574.797972947215,5345.26738311183,1063.46835337484,473.384047088579,94582.740490198,221.479708954402,159.097171691831,179.155691457208,1023.62860039065,233.194387800568,6962.48021945824,13854.7372630084,2047.35030003674,1304.82521591875,4827.03639545484,123.91808253088,248.636134569821,112.755324933973,263.433958018087,250.749355247454,103.054240003667,113.414474830115,355.138491486269,8854.79947723937,126.946355751663,7734.94018826204,109.292072867017,9559.58280265683,112.373209987476,487.512941492664,1773.49871691842,1653.41468915538,215.707840702993,1251.47815946948,357.341553708869,26746.9479775042,600.517814207455,1025.04973545592,6569.88668801723,3.92509324761522,290.91474561764,435.035375806192,5773.8662350759,373.319500768142,115.052587699452,6806.84388628794,2429.87028268205,14542.184335443,2725.43321014529,549.316894799586,3314.24776930719,4127.6433962275,154.328827154466,112.275500050981,17153.5457041993,2913.10806338613,12139.3057334795,240.167021291014,28507.1200474403,379.666986068347,322.984975272852,1454.90750560257,137.685710236189,5409.49130909367,36280.9151958117,758.882841558831,771.752178027302,360.323416831725,13410.3244430817,2631.49672354567,2200.46483284425,880.810096747355,175.197349615242,1914.16858602538,95.1690474828066,1193.40417268752,109.445699218858,3849.49728866099,513.083361811495,928.684031414374,474.652755658244,1587.94924488982,211.221428838813,462.332130533512,21549.2591667388,1271.06941413634,93.0568664739543,3428.05056712745,245.414539823592,135.044794705072,434.050992897568,575.712230443968,17390.8326022165,144.521671244791,1822.58163521454,1135.19170722831,587.957009305456,681.751036729524,9653.19017966023,1123.62549337048,7944.3201632418,43196.3214979746,2607.53539813776,115.544713793107,1726.25803064239,640.909195702993
"Ancona",203.860031862192,574.797972947215,677574.660540398,336.843257212583,5626.21570741262,13854.5949053447,499.132417107778,988.034658686519,655.344365554888,815.368748558476,1122.33040068893,1147.69610892019,682.489123180773,425.35464870211,2503.71911586029,759.854597654061,874.723122245496,411.011531505674,266.998883919076,215.210542596883,1637.39841856179,1187.25788693031,208.979099732206,294.110163048301,4430.52506339679,547.225749108734,353.594065509718,943.878452007316,290.057267837848,423.01998363509,219.5681007341,35336.7574893088,2415.41513040277,2978.95979786361,1177.65182366289,5368.80485648521,2065.00822330502,699.317934016904,1496.83827644322,2115.00655692326,509.151474599663,3.97602151404819,1846.62830401318,5034.61422543619,1099.10886774648,1679.31147610838,357.291455671925,593.085689469205,1486.71338856141,726.613656144385,1674.14854144458,79050.9959631376,1307.63785568006,1316.44660831284,581.238821964166,255.075594801582,622.93008277704,1781.75753484332,619.815401129953,1012.02658505065,518.86310024896,393.342110241973,296.076015816861,1765.88563926949,267.828188109784,1214.68703913262,662.75846838836,8613.39021596189,29077.0354395316,5104.99151850884,843.746923642863,1578.79406288867,2217.21233494171,1386.90402184696,689.31549837635,2570.24524139115,177.714986377518,5233.48131529397,246.256612793028,1474.78149768252,4763.61960909017,12030.4257090837,2280.09690437347,2216.55054903362,854.375082101986,369.285566137554,590.651887982314,3084.83186939292,180.911713945141,611.569312469192,239.056613508414,462.278981083022,8657.03863349049,5317.1660393631,411.892253825597,254.018887376255,907.690316655432,1609.17615382626,1945.03589259639,1344.48059333521,504.733382344351,2015.26574833903,454.295892596683,499.285772276494,1230.65228110236,287.392032533553,1417.0041377684,3221.5851098611
"Aosta",87.1263949370596,5345.26738311183,336.843257212583,677574.660540398,513.419330310263,284.310330659049,7415.36426538049,152.969488864212,116.51566897953,128.732946030183,684.228136508637,159.730457249033,2989.65380319849,27518.4299736043,838.999133098458,956.98744144042,1939.44024725785,93.963091340334,182.983627939027,86.775614288519,176.852771435944,169.447191126482,79.8239495834175,86.408139193772,226.11334646777,5288.24768623229,95.3083766512434,2029.60033955448,83.679998437251,4415.57689676744,86.3994217243277,293.192600244606,808.231265238458,690.081737332601,150.303305274546,599.174025188072,225.605566170502,2642.95341229136,416.530332141242,497.155352845542,2198.7169485913,3.81816014747538,191.529202373043,264.187671005391,1388.34297165166,233.717975872546,87.9970656132083,3823.69636635985,868.500223982717,3194.04793465084,929.286593197332,321.703864101606,1282.92049703806,1171.07062080332,113.137058570602,85.8044703575249,4505.95752436308,1052.72624742516,4261.53865894886,163.504798243692,8796.3712177082,257.35924549784,232.151452274678,782.560954241087,103.46784727581,1502.62671496646,4085.31901792843,402.923621120182,422.330873841703,229.136243943321,2480.57330619952,908.794911387956,826.054962723371,579.4818638393,125.787874168874,758.696601838232,74.6292572115696,591.547600741722,83.9076666614182,1235.4829478653,299.456072822767,484.81826252249,281.874958103229,781.76925356211,146.993687039703,312.482725839424,2973.89264155484,575.05820620014,72.980091088824,2413.06592115199,184.296251990637,100.948847887137,265.179606944284,326.836271451042,16009.2617057361,108.707705514823,1131.99796334379,679.731015219043,396.514569769403,471.957354269855,7279.76566934221,647.470198213863,10454.1064978112,10485.5050968914,1201.02595480922,87.8490255493701,917.799131287806,353.631118154921
"Arezzo",204.828965969645,1063.46835337484,5626.21570741262,513.419330310263,677574.660540398,4231.07140917877,894.389640318208,723.382587019777,422.868447858678,515.440163362103,1125.27490570744,803.226769571856,1084.66735061109,680.071695309806,6699.62485903871,867.145761045423,1416.918428633,285.420862865224,361.480070291983,210.895674019894,1030.79353615813,897.532370585907,195.257763492667,242.427163932098,1993.07041585287,854.38697325314,286.972850393385,1776.57250215396,232.616007069804,760.299872674761,212.635926555214,4284.32340081586,4236.71676489705,27112.2085260657,713.437887891614,13845.0201001321,1794.42846799104,1490.34915443952,1056.5294670201,9931.49836662173,1012.51025564057,4.06822386648826,1240.69682300549,3259.92563548664,3086.29276982034,1774.51904620622,255.425815107004,913.762810501406,6141.42935193699,1280.88758998427,7057.57854215745,6045.35667228987,2333.49384936898,4225.55383966472,401.880422517505,227.997563445376,1049.60435426854,4338.87986447376,1016.52358382912,810.139649029088,864.435613882274,599.889885387272,431.850954105445,2150.69520283517,271.267805022244,2669.96485677715,1196.16187198016,30460.6311967445,10704.1852732727,2059.29559312144,1623.26357142,6635.8746327643,11438.0227554241,1246.28295648636,490.285349186279,16318.6240974921,170.592939331219,8469.02603100818,220.044918310143,3476.5004600865,4925.54020262908,13531.1893147368,3031.37696364855,3140.05484143813,655.471892066911,594.879517453354,1198.78628729566,44252.6328203512,169.501616861414,864.992329736321,325.844098322404,325.782519545707,3324.93629045558,7139.24638515915,692.701772531172,271.115658127615,1145.87480151794,1648.61090301126,1230.24859005082,1056.07107890435,786.747328990453,2033.97944901015,693.967094773407,843.753650587675,1886.12674350689,244.810222531258,1845.262205203,7188.46491419035
"Ascoli Piceno",263.936292657986,473.384047088579,13854.5949053447,284.310330659049,4231.07140917877,677574.660540398,420.15679753424,1766.33361689284,899.774762908009,1200.9613716572,689.899770830837,2145.52584984433,507.759253452967,350.240846652326,1521.37806220418,512.514705596616,620.671344300071,519.480675961072,328.845539328877,280.846046876378,3485.12125619773,2328.4444030522,270.671748244151,389.487450952125,18310.342559737,423.459679761246,483.183626680464,688.004930994301,377.848995143334,376.42496291187,287.27484822326,76982.3811337222,1363.87821094246,2182.99721061782,1989.28565164797,2593.06471652161,5399.98196834594,586.954713664141,849.054723062881,2456.83513622022,464.374994594819,4.10332641920159,4420.85048069161,30082.2172145125,898.012453475363,3733.65335687434,447.039236535236,449.55713676283,1305.94588688397,552.084401200265,1346.14886106713,38942.0077508722,866.805935589222,1057.12899456509,819.54829199279,338.117067055473,482.289527478859,1173.14468292914,475.644934462309,1881.31604853931,416.680116751376,489.597243834953,355.786634786397,1009.77015265702,360.901003288191,868.896683271186,519.615477346411,9810.05479788442,5995.77852602519,21789.7397070299,637.61721042664,1322.7706158664,1644.07898668816,805.907840211945,1054.94858067361,1871.79675598374,225.753775705885,2349.98201616044,324.510506611194,1017.87811045255,16895.0426239423,4048.44047975273,5130.93996074828,1230.28409336198,1470.09305610309,435.543427967661,511.71337153754,2771.39105617605,229.764494974565,449.193670229975,287.436808115686,615.4375931508,173963.537482246,14569.0824770197,351.407986769377,337.4446165828,602.997577970492,916.625262661869,1033.35656696849,781.728355165812,396.744476594441,1085.73671451197,361.770412543815,407.2180669629,798.690949789054,383.833131615099,862.346679840805,5908.74137772767
"Asti",109.453948659954,94582.740490198,499.132417107778,7415.36426538049,894.389640318208,420.15679753424,677574.660540398,206.123321869625,148.487667914081,166.68692143343,852.959049180077,216.288193095505,4761.2561888233,17730.192738451,1565.90068215881,1088.26644190384,3320.34833011615,116.549170825625,247.409503645344,109.059538518497,242.500201765634,232.623424796869,99.371372848282,108.002064722993,320.965374272673,6660.72310564034,120.497723788544,4703.8660196953,103.939665951031,17114.9456103858,108.555396142248,429.923830666537,1372.58592140556,1333.53946084314,199.529079051408,1014.89329723523,327.323717937926,15934.4121018635,517.716017027979,899.186187276066,7764.81192150171,3.93786337007857,267.26843127159,391.046150444052,4094.00256510987,343.510201681412,108.510634979387,5005.05156103629,1973.75880996382,7942.71155551208,2115.90334111782,480.529421204036,2356.41857878426,3034.71141072727,144.59890245942,107.623657631213,10012.2430729748,2118.02849492119,7782.15248063726,223.69268841571,20961.101630278,374.656725110499,323.71755831709,1155.47422346817,132.930408177821,3531.6605268807,14962.2766165337,656.971343248056,654.643677072197,324.952627764631,7105.45952394851,2082.23665502872,1718.2185971349,739.028055886445,163.925058611954,1516.77093459995,92.1855107439687,968.563474056245,104.963238854018,2677.82251544023,458.966445435108,774.964672796607,431.705743620825,1244.79310838262,197.26813830563,463.629354590284,20808.6556995004,1069.05361997187,89.939400858871,2707.12396746126,246.204042261684,126.958076050283,387.822902267352,511.452898460112,48104.948707166,140.239237261406,1451.35649038869,927.811077378932,506.352844868688,583.600572808314,7839.01699525224,916.061502229318,7327.59964726025,39579.5920732745,1935.26462461303,110.261180486398,1350.1040866904,571.580098971602
"Avellino",584.555272986867,221.479708954402,988.034658686519,152.969488864212,723.382587019777,1766.33361689284,206.123321869625,677574.660540398,3233.65161777722,5848.23392119142,262.99397343972,173941.756390945,219.936575713059,176.617907022743,419.910555271748,216.602884080835,248.743586161042,1395.19657541854,369.484605016075,674.15734661631,19080.9667057623,54493.2265212575,694.189031639266,1362.97592215905,3545.11721969482,196.251259274705,2087.44663658676,269.787838718674,1234.02465469539,199.356950336616,713.987782378797,1424.22175156051,388.971645652019,538.84271071894,13085.0639596499,537.096715478271,4732.21862385167,262.040516887889,311.539465572634,737.857612162692,238.671722240752,4.39259471585162,12688.730025148,2562.54281060338,342.173122701889,3453.00346536707,1170.10266166023,203.03757674883,448.56735343157,235.808068774132,433.134393648714,1211.11754832274,304.497813123532,375.102820823577,4184.74507949598,1047.41015442438,216.01090904003,367.680177407852,212.847119482134,45988.7608186985,198.096766544103,458.548820222626,345.095862898884,327.443664908214,895.240579703421,312.962167219208,229.621313489776,1009.53218835706,742.188811836801,3124.81247139943,260.279617147336,438.710870427068,466.742886290163,291.199449658293,12199.1187370871,496.97608590406,509.866485325821,508.421241553069,977.604838352729,341.830706565044,1874.79660815524,641.99354697617,2033.58358372013,365.985850404337,143881.614618988,360.944026922722,243.826233696774,652.34155361736,540.743464981127,200.388837234614,308.911025237959,2231.07131136191,2184.36098508549,1529.29565203043,182.021644851847,704.862025768062,240.330585477091,310.909751845546,352.471979048321,291.468632394962,188.520845510952,342.368718536773,177.145771096893,196.720340657538,287.358798319291,1346.8509975087,298.946360519816,1280.80266593101
"Bari",384.992072813801,159.097171691831,655.344365554888,116.51566897953,422.868447858678,899.774762908009,148.487667914081,3233.65161777722,677574.660540398,41119.2963149933,221.900287614653,3259.686606885,167.56731382338,132.861829903233,290.674013466605,181.006644698357,188.485749820503,8935.52961928098,207.835276366098,452.055180454011,2742.62150708309,2203.65107267944,539.624066558,1631.77033204078,1450.15875677642,150.077844673821,2266.99964886732,196.9807170044,1921.006435116,140.412344078689,485.874529278522,841.594241002238,283.367948636561,334.290259557669,7298.15533340592,364.001594582399,1114.19141812863,180.417468389387,281.735041061574,383.901401930357,161.025903202368,4.22983041497159,1941.90788577002,982.455600801219,225.844058387236,895.760847641802,5130.53998173741,156.08769940104,274.343862976889,174.306026666264,274.095776970206,725.741433223096,225.039998918278,244.483246233085,32222.9663025671,843.116163382375,161.353074609354,257.635464062224,160.404458491843,2020.50074381139,147.691120520935,242.047778966572,196.098173782088,256.328319218423,494.61764950889,221.796160096304,167.9313141199,538.908868555461,497.131898432138,1413.30769908703,188.376172959157,273.466166752593,297.619128979908,248.023428158226,9149.57786309558,314.09790606525,397.385371530456,357.78515115358,811.723330185554,240.135120543216,762.879347769161,433.168199242551,708.421637257624,275.722204159233,2939.97218847851,203.56767422233,167.7761023675,373.106871021315,449.950748926316,158.265607292386,181.165730040155,16149.9416199757,1021.58629191219,674.571044250585,133.279424504491,386.375088966029,193.668762876674,253.448429220796,316.916867619674,258.596909824026,144.057436393716,274.666573143104,136.13115414702,145.55630142602,219.108835492407,1277.98559840227,234.100581506715,563.900765153479
"Barletta-Andria-Trani",410.181563906809,179.155691457208,815.368748558476,128.732946030183,515.440163362103,1200.9613716572,166.68692143343,5848.23392119142,41119.2963149933,677574.660540398,246.532906057099,6154.56011532629,187.521906414467,147.701301527751,338.501595758411,199.87366077014,212.096185084665,4237.10543328644,236.099934535444,478.580170203969,4982.45118430279,3645.35002143687,550.103495320339,1490.93032962378,2134.0569707302,167.16731292718,2167.91894472595,223.318780001193,1617.65243795338,157.657474660138,512.180353413811,1093.97358738816,327.016524860921,398.104943114683,21527.0534524077,430.95686306614,1596.36697544376,205.293886651539,311.655615763657,468.943469246529,182.632651159879,4.24659205514561,3169.86795544419,1359.46715684181,261.041024893993,1230.46848224196,2898.87867667315,173.968354463839,323.102107911233,196.252519640374,321.706130076046,925.965639553258,256.184752178872,284.179649645068,22168.5967792999,851.595528649376,180.842302622673,297.573838166922,179.505246863332,3184.20872993623,165.021076869363,281.221529284645,223.759602598084,290.766700408411,547.627771193557,253.879861638731,189.074098879337,676.711139041205,602.863415734687,2050.29584601332,213.41744978402,321.421100951569,350.749288971382,276.356735455814,16775.0681876636,371.780955429506,405.852226068446,420.757150264709,813.296176461001,276.272625459244,1015.58773543067,519.29501319976,938.595683876304,316.000549050701,4893.71381370145,234.368247970102,190.292982636646,451.48266819883,451.433266418427,175.711471566742,204.279051719658,7549.00217790574,1399.79357688879,880.334482086877,148.700549064285,430.60927248617,215.887322454069,285.18247051689,353.12661353651,286.1514071692,160.244527207142,311.202859660342,151.001051745195,162.715632697243,247.887072130546,1242.38223661946,264.419093753152,721.251548917966
"Belluno",102.626684700643,1023.62860039065,1122.33040068893,684.228136508637,1125.27490570744,689.899770830837,852.959049180077,262.99397343972,221.900287614653,246.532906057099,677574.660540398,283.766528294395,2408.20748989585,921.176559873182,2625.1514884989,16663.6740746155,3507.07036517991,170.024826315667,152.439549862487,105.753845634627,336.120706308283,289.338855581537,102.412353766558,129.166857985911,496.665388619169,1660.12636771235,145.511551017527,2397.81904097087,128.839437328887,582.665805865578,106.897051407948,808.601796737871,4321.55025413148,1332.12329779267,292.895045670069,2196.89458113937,387.381598078115,968.778066697949,8124.7025622716,672.877679378502,582.592214841564,3.62856903882676,355.058521419714,537.694419202281,1159.1383905541,367.148425836751,154.773852322505,2047.96776638592,949.356503201856,1887.0803650705,1200.67248556903,916.972525790978,4129.49832441201,1231.05588209787,202.021315686149,117.043539583285,1641.38944764411,2650.70361591269,1784.69242541884,267.685526408885,1189.84233045262,211.775980078588,176.445700561371,13675.0587162749,124.529277026664,2277.93128756217,1471.24646136262,879.685059454759,1554.45867721893,520.839304702555,1873.71082125787,1074.8954051238,1417.91185833269,62752.0829736487,218.576877998975,1413.49111444749,91.6788720878252,2732.87657088255,114.259983482915,2434.57218394487,572.232261812236,1849.90321620655,448.440620725727,6587.18579983274,243.735033179257,222.750696789436,784.598054318305,969.627846172652,92.4227166161738,3045.06899750562,144.716237124262,178.212859374403,611.5754297101,628.080060632196,718.380912670836,122.842585937168,13815.9108743647,36450.9158388916,5732.46636829414,15963.0154912516,1419.46353599462,16122.2593249898,1232.69428911675,1048.51079838195,6620.90700265607,126.772767302143,14223.4137276632,584.671862348359
"Benevento",524.856392208697,233.194387800568,1147.69610892019,159.730457249033,803.226769571856,2145.52584984433,216.288193095505,173941.756390945,3259.686606885,6154.56011532629,283.766528294395,677574.660540398,233.476270396185,185.257141733969,457.104476802385,231.666223828474,265.470716727559,1349.49821914432,359.240163270509,599.0104817748,42285.99330788,68458.3644118011,614.156078740973,1177.74035807249,4759.75732711582,207.328377224651,1743.89357869645,287.843331896667,1090.49008387813,207.827863129792,631.633031136683,1706.26270583425,423.749829650484,588.146845731209,18407.4982562254,593.551527744053,5707.55437057026,276.443487533945,339.481795401326,798.241070059803,249.08902102258,4.35278295207864,21037.3019380629,3160.32487017703,364.481259188406,3825.12750176514,1118.3492099311,214.968837208216,480.359206505466,250.217139034258,465.882996741615,1425.4103883913,327.52336186346,401.276272790171,3837.31795459006,903.714800673575,228.530198642809,397.379289570756,225.289918940378,32976.2321896892,208.636234886789,454.483093661862,340.5992810488,355.43510321692,788.525262720907,335.393398072499,242.943363249824,1144.42011272507,840.7522604562,4130.57979730887,276.816205087863,470.906402268438,505.811012457696,315.780456771748,9609.21163677488,540.502819009359,458.921526026103,561.81931752021,847.91212613552,367.869015273045,2196.37352244733,719.055248231645,2273.9338290801,398.500008813437,39725.5485189146,361.655879292113,256.023022155281,713.484521975992,485.209954337531,212.667867831385,301.736875647791,2079.88015924024,2714.57790164437,1763.94657838726,190.328010354811,635.896044959254,257.545188749992,337.481449505895,386.282889599963,316.522391106735,198.779782145513,373.103540457979,186.408604176303,206.872512516808,309.130296869861,1150.13724453735,322.991095684139,1429.05812769208
"Bergamo",102.726775354699,6962.48021945824,682.489123180773,2989.65380319849,1084.66735061109,507.759253452967,4761.2561888233,219.936575713059,167.56731382338,187.521906414467,2408.20748989585,233.476270396185,677574.660540398,6231.36945995256,2846.35519016585,3992.8140703062,46738.8549780943,130.348679256463,192.276464349987,103.811446568645,267.976889613052,246.343817793337,97.0337214387102,111.949356624659,373.200923616295,44951.582612915,125.361931501657,21442.256222588,109.274443432445,2052.21666296659,103.997640536368,545.881878991697,3074.42173186464,1624.00143016721,224.327664866694,1618.74386185168,343.607423753222,4221.93239509482,1050.98442225871,835.994509323204,1746.76969789257,3.76968780961602,291.437385003422,439.921961593707,3197.19887634904,346.383390102896,120.368852365757,128342.519753016,1688.00218271863,51296.7078963592,2145.12535303648,619.899187317325,8844.71966693826,2830.12224292261,159.144811891382,107.398052855148,49207.8167638106,4282.53715198228,91142.9882499723,233.108889245458,13447.4713915692,280.257072922487,237.224986656713,3253.33271867795,124.680103913731,7973.88995095891,20895.7472236957,771.654905061531,950.560048273703,382.889944104575,19599.3806800442,1933.11137173533,2081.10322930231,1822.43873764003,177.394704160625,1872.49651374241,88.7302533522007,1670.14941448739,104.790121318417,5559.2639825957,502.452206123229,1171.80044926723,435.388796238051,3085.62620558681,207.72924814822,319.802451147327,3075.2413000112,1146.6228389378,87.7546860160494,32743.9433839491,187.044937918324,139.944101285368,459.100380503943,561.798167073624,3448.4406499117,127.811585142961,6919.751050192,2481.2743943007,979.908993889782,1276.85159032482,22155.2466025274,2258.51019090721,12225.0710798103,8958.08158871579,8687.81362179358,112.513689019822,4606.68070552977,585.979083344989
"Biella",94.9432084315433,13854.7372630084,425.35464870211,27518.4299736043,680.071695309806,350.240846652326,17730.192738451,176.617907022743,132.861829903233,147.701301527751,921.176559873182,185.257141733969,6231.36945995256,677574.660540398,1229.96038294632,1313.98564644667,3498.17069426162,105.712353655298,197.914796850208,94.8669153894792,207.223870960372,196.932657013824,87.3795230673343,95.973868978006,271.694434414648,13921.395566638,106.470979543267,3823.81100598373,92.9716133208477,5384.32424461553,94.5742950117057,363.431433433421,1176.26590392155,958.507936960128,174.283596776645,823.5169150136,268.144183489195,4700.05443765423,528.140441691533,636.689538779316,2866.00564113353,3.83015093917217,225.523841291994,321.152099825974,2174.9442082513,277.121042098409,98.5810768578558,8397.19901732261,1217.04606779495,7326.65461578505,1347.12487382556,403.154386680798,2078.77544068044,1780.18878407554,128.496056387325,94.6776701091949,12492.2700652771,1624.76774636665,11032.384159678,189.116066435831,46534.4138912202,285.62006345679,251.483422890284,1116.40295964332,113.863088587066,2552.19116423074,10749.2649720873,515.237630311214,549.651381918668,275.941433311987,5055.30170971985,1299.17306151567,1185.8933870283,767.927454049078,143.561918245264,1073.03028026939,81.1610209624204,812.216781583943,92.4850019942093,1984.61350738496,367.641859172173,643.954702688163,340.384368580098,1125.82343599302,168.958241354959,343.887848950981,4828.142326691,766.481463974058,79.5202532923178,4094.06687875231,197.268593922783,113.897913905817,323.904057076612,405.206107734803,25893.0194375402,119.114230865973,1668.60134043776,934.994411601785,503.298341218096,605.651158492171,22930.1433547189,890.358814156192,32764.373098053,64076.9613742401,1887.74445763201,97.4253550158178,1345.39988510641,438.80346689674
"Bologna",148.774184193037,2047.35030003674,2503.71911586029,838.999133098458,6699.62485903871,1521.37806220418,1565.90068215881,419.910555271748,290.674013466605,338.501595758411,2625.1514884989,457.104476802385,2846.35519016585,1229.96038294632,677574.660540398,2013.8214742169,4688.09011003577,209.642135762322,264.520206913544,152.236759271916,557.175967420302,489.879770083387,142.504770020474,173.656870177638,917.077423222352,1891.82225548206,200.141418839414,6288.06753653811,168.899901537237,1096.93845576583,153.231219687079,1709.36990072066,51984.6650457423,15292.281346796,433.306305856117,24898.2332798946,785.254004732072,2713.9019679807,1725.90480716913,2669.54547244889,1337.66964970024,3.9134031082938,627.229591948099,1184.54585128637,6082.95217584612,773.500049873696,189.792947656616,2157.92280562308,5613.25780307382,3404.33331017534,10274.8553905316,2156.35560336413,13677.0857052208,8499.0614767559,272.77766268738,162.980285776716,2471.11910318057,72802.2083220698,2425.7900411421,451.186041037185,1747.98126210159,413.127821278586,321.015675174826,8289.90586884972,188.541391993319,13116.6215903755,2805.75859370548,3240.30876830793,5000.70966642504,954.046370502823,4789.71357600098,7599.76038640791,19862.2887563284,2699.20833881817,314.978936412783,19866.8446476256,126.878751208914,21140.0637375532,158.179838021103,27016.5576798929,1448.67086268232,8427.38637516868,1085.21242475034,18634.6402325523,387.153636446448,440.119169979532,1909.90293777657,5854.77297928058,126.204965517548,2083.32242074812,247.059460947848,230.610218238632,1282.16661490894,1745.849278297,1135.41618684849,189.801532437357,3233.96108735186,4533.72271762567,1887.49808131892,1907.19870703127,1644.02584989784,5845.12492220402,1366.05594196509,1623.11295208472,8502.87564831988,174.032934696322,7165.00915498169,1752.52361855617
"Bolzano",92.957141691897,1304.82521591875,759.854597654061,956.98744144042,867.145761045423,512.514705596616,1088.26644190384,216.602884080835,181.006644698357,199.87366077014,16663.6740746155,231.666223828474,3992.8140703062,1313.98564644667,2013.8214742169,677574.660540398,5227.38593735537,141.580614034886,145.283877421517,95.1652959948516,269.249196493691,237.820975093282,91.4606273675771,111.771765880545,380.95428079165,2728.12696609754,124.966282655343,2961.05902118763,111.009983865948,697.543077055868,95.9229661172782,579.69677174962,2890.62520982943,1085.54730744654,234.875161977033,1494.9425261601,315.409226188675,1113.91935977397,2907.39796958113,577.989519245955,654.711934792437,3.60095164186576,285.264331477762,418.662195783691,1175.78537801204,304.929280715221,129.949779200019,3559.32643368884,876.618640743108,2630.71256650753,1091.95640473079,650.280938757386,4137.31568082722,1190.65015069705,167.116301626329,103.083992480781,2418.7851287207,2295.76325863803,2752.07587368241,222.348283744289,1705.87330131989,200.934527808849,170.294635516844,6110.66315347281,111.806405023636,2378.11855200158,1982.35597230566,672.086959296738,1023.00605838744,395.902598779691,2346.02827929079,986.572116265476,1212.02833341461,7257.51090964468,180.973391351286,1174.87561041934,82.7116895219722,1727.41924248572,100.735494524092,2308.2053683945,451.793045632903,1213.08748198276,370.226683369343,3797.01205904727,202.613745079858,216.371177230976,909.150402254042,800.110915434692,82.954892457659,6941.06685087261,139.493799264619,148.530499360078,461.168491256927,494.916867441503,936.346765823229,111.545741949547,38198.2103859432,7535.83499309843,2287.22751342121,4290.06682277814,2270.12034037393,5053.4953924001,1961.06965475457,1452.40761631044,6803.58440732053,110.371461460241,8765.59465625306,477.819136843868
"Brescia",109.385182257724,4827.03639545484,874.723122245496,1939.44024725785,1416.918428633,620.671344300071,3320.34833011615,248.743586161042,188.485749820503,212.096185084665,3507.07036517991,265.470716727559,46738.8549780943,3498.17069426162,4688.09011003577,5227.38593735537,677574.660540398,144.680974195437,199.254044396837,110.959597575097,308.387187378698,279.919795875496,104.065874880179,122.12425769084,442.668447996422,11485.2395076314,137.466402681067,43955.305798607,119.376683738727,1652.08602582166,111.333263792417,677.080102352002,5489.2070006253,2198.82820962425,256.222582567938,2373.17732673299,397.363335398326,3843.00452567088,1386.58917653051,994.89462249486,1564.17796012787,3.77906903024263,336.254498341546,524.651865538643,3800.692301482,397.194387312724,133.002538238544,18629.4558095827,2047.82136571277,26577.9500184111,2777.37381418481,779.860273851736,26111.2097412274,3578.88163330866,177.962599214064,116.136789599953,15313.3128642195,7711.78238516581,18269.661011988,263.255728035793,6371.07753235259,293.158466068129,244.062409323012,5880.40613774494,133.719508290307,14670.7547030005,11850.5188738343,970.677077886828,1276.34666595132,456.014453376747,21520.4793141122,2420.6894744877,2863.05991947757,2618.01886537479,198.917404013579,2574.72059880477,94.5607551642731,2502.86856424107,113.223527019245,10189.6275950338,601.423064313659,1626.72111424529,506.414408451292,5588.44887223554,233.662824140525,328.809980725977,2660.78385544638,1453.50427880023,93.7708703376034,17703.0958972509,192.083498963158,155.571862742795,554.673427601179,678.45918815273,2363.12967192923,136.220937109296,11940.5412903343,3971.22476311887,1301.73841910881,1714.38214443843,7823.80406588797,3625.17775711347,5360.59736125922,4920.29970360134,26369.1950420751,122.416219087239,9312.17232873174,698.114918927017
"Brindisi",358.082518361692,123.91808253088,411.011531505674,93.963091340334,285.420862865224,519.480675961072,116.549170825625,1395.19657541854,8935.52961928098,4237.10543328644,170.024826315667,1349.49821914432,130.348679256463,105.712353655298,209.642135762322,141.580614034886,144.680974195437,677574.660540398,168.101102645224,425.69120591799,1153.99577177765,1050.77853202359,548.422304798143,1983.75407771238,737.00409603138,118.124365243782,2317.06495243179,149.912613475243,2868.6894259431,110.884247824656,461.266881428854,496.399414439615,206.044822031506,234.863297421157,2033.48429616839,253.617097251778,620.589654657239,138.328200676122,212.813866113276,264.064453860982,125.248658328688,4.24607424802869,919.674053884016,554.587169464399,168.153627654092,531.61344387435,73108.3309398402,122.432351041013,198.657416365066,134.637557232401,198.504576687358,442.499723504106,168.775785877975,180.040099951225,7686.70333292254,862.012313878283,125.783898351612,189.04943865158,125.217928551433,1021.44404183169,116.188513826071,187.094099834471,156.460136271864,190.548312598664,426.759294819447,166.034597740924,130.143778402989,347.406856814168,328.722146814317,724.345420935444,144.009421852207,198.094244130146,212.98570581265,187.881322621507,3049.13855046687,222.916036171133,403.388038403566,250.767219438274,846.052267530219,177.860370659974,457.748909119502,293.439184849103,437.023908116267,201.995825710309,1376.76273040233,158.948018922153,129.774911985661,257.240136930815,474.395214138678,124.369355273261,148.172785740404,25069.7651649824,570.965776085225,415.56005811683,105.87619177576,329.134098625692,149.450162703144,189.900978182593,235.222446225327,196.619224979178,113.844104010553,203.154599406611,108.237330711582,114.626598217891,165.434508671195,1379.08929962105,175.991338597765,361.597207289072
"Cagliari",505.084618184501,248.636134569821,266.998883919076,182.983627939027,361.480070291983,328.845539328877,247.409503645344,369.484605016075,207.835276366098,236.099934535444,152.439549862487,359.240163270509,192.276464349987,197.914796850208,264.520206913544,145.283877421517,199.254044396837,168.101102645224,677574.660540398,446.823447763273,345.484752371247,415.789873294515,323.799492317714,237.808778139833,329.742526069467,186.342130816798,262.965808852232,228.414557638619,208.357654123702,287.7575109368,421.464233703241,293.094891130578,231.061128016932,347.413303432334,277.212335534407,271.27602016229,495.352508784471,300.023732657613,143.913590703979,545.368085113613,360.735567202292,5.07106071925102,387.845057410281,396.608045736959,334.728059804815,601.113690643204,161.840968513509,183.601045822563,413.155804855332,217.379171456662,360.014167866218,295.820185194977,219.843631288139,339.989670376147,229.788112894786,305.803601072433,207.359217074822,258.756841320061,199.714832822962,444.543031699304,208.070357597566,6457.79904790578,12761.7044725067,190.541753031621,658.788412813831,253.111912248247,227.413524072373,381.179151038136,268.593185814301,317.242652193138,236.623332803822,382.535963841882,336.40556933538,155.049250059642,283.849212541308,337.95612156428,325.036474121287,250.301784475567,295.672406626824,258.670662395918,443.354047284195,268.579673991237,588.361044806366,211.87561987616,385.637851345726,3292.05634205533,309.963186960036,412.847875031993,285.042828285183,166.41363790293,38785.4561136349,199.078018834628,338.145918673558,441.037544587721,228.668611644865,948.135557978279,164.822312531734,172.428731530072,152.178805015886,144.410404639698,185.754629520836,182.534975864277,179.517572866208,215.691376234797,199.266393773416,269.755461495853,186.975984242442,525.772917522704
"Caltanissetta",45543.3401991428,112.755324933973,215.210542596883,86.775614288519,210.895674019894,280.846046876378,109.059538518497,674.15734661631,452.055180454011,478.580170203969,105.753845634627,599.0104817748,103.811446568645,94.8669153894792,152.236759271916,95.1652959948516,110.959597575097,425.69120591799,446.823447763273,677574.660540398,484.531437488835,629.968836402564,12165.5269697881,1354.44459145022,343.475999171246,97.6301807928908,1303.75685099766,119.91701248221,971.81303570174,112.788528828178,228372.671052696,251.868019021535,141.435434992399,184.484194544297,475.032503099371,170.185468023879,463.457201232114,128.837667901621,113.375123885372,246.80138562826,131.015062681323,5.17531072166872,483.104946882808,339.797227537009,149.974115639127,488.450963067032,438.894859680331,98.7084717425785,180.601896800494,111.206462341756,170.096600353352,238.880299657123,125.121100238435,156.898481999237,580.089850281174,4281.42626775763,105.366967743055,142.786743591175,103.46663658812,722.680165008765,101.453977376287,374.429754859667,335.569090655758,124.08628607404,11648.4786860595,132.161503432118,111.430172385322,244.567088521823,193.295737813402,327.872561159085,119.295543195105,174.437270486934,171.818752861084,111.492733275074,690.458466602487,176.713839452738,13359.5418574194,162.353493047522,4150.69185826531,138.303237912552,324.630466813787,182.478616430231,389.067786739236,134.313458159566,776.693770635265,281.548972574776,126.095844974696,211.829063461553,7027.71001020806,95.2764732885261,372.160430426079,540.65513158478,302.975378789523,301.844405019016,100.689054421544,4540.05800849403,103.427342812291,118.022483566902,121.740521132849,109.78991542261,95.7701900555204,125.187040902891,92.1209026513406,102.287577927752,118.45310843197,2028.68182417163,118.4448024053,305.829381445392
"Campobasso",432.927701738514,263.433958018087,1637.39841856179,176.852771435944,1030.79353615813,3485.12125619773,242.500201765634,19080.9667057623,2742.62150708309,4982.45118430279,336.120706308283,42285.99330788,267.976889613052,207.223870960372,557.175967420302,269.249196493691,308.387187378698,1153.99577177765,345.484752371247,484.531437488835,677574.660540398,27570.4829439747,490.1312822435,878.657863086098,10610.1023492518,235.416478711164,1225.54244854215,334.629355263151,836.194045369793,229.898025139908,506.642094998947,2652.17744101218,516.399502981582,723.817933515825,17994.0991735661,749.838191855738,8351.7401512028,314.067123912867,409.503798356054,964.501244255941,276.54801971807,4.28042161756553,75877.6398745672,5349.7746614564,423.575278930031,4634.88647321957,949.438647469684,245.21920084705,566.007284060513,287.24964334316,554.048259445434,2113.58295690117,387.552575749239,471.0149093006,2755.685490132,687.891591289599,260.539321816684,476.276330816951,257.027812739924,13272.0840640274,235.537913934387,454.372265624598,337.460346417069,428.257440190283,631.438666517822,394.22219517769,277.219412133928,1547.33780879386,1127.20250387063,8690.0048336556,319.642713481239,557.596813626962,611.816427114411,378.059657882458,5084.44507479656,659.342887199297,377.983903418846,708.553297070374,650.616012550403,436.627302163233,3222.37285460584,937.840743053303,2928.36074743165,484.353845434732,10404.0161349407,369.522650378323,287.887905442126,883.720772445913,396.285435920627,243.59373229725,292.695746467605,1630.29908364993,4717.93386897545,2490.28509884358,211.652790841702,531.460092980344,301.123176462475,405.819910349613,472.070333677498,379.318014796459,224.770138729186,453.030474285298,209.808129573178,232.837121986789,365.433845187512,851.21006666825,385.095631691452,1854.66926317829
