data,ricoverati_con_sintomi,terapia_intensiva,totale_ospedalizzati,isolamento_domiciliare,totale_attualmente_positivi,nuovi_attualmente_positivi,dimessi_guariti,deceduti,totale_casi,tamponi,suscettibili_non_malati
2020-02-24,101,26,127,94,221,221,1,7,229,4324,60316771
2020-02-25,114,35,150,162,311,90,1,10,322,8623,60316678
2020-02-26,128,36,164,221,385,74,3,12,400,9587,60316600
2020-02-27,248,56,304,284,588,203,45,17,650,12014,60316350
2020-02-28,345,64,409,412,821,233,46,21,888,15695,60316112
2020-02-29,401,105,506,543,1049,228,50,29,1128,18661,60315872
2020-03-01,639,140,779,798,1577,528,83,34,1694,21127,60315306
2020-03-02,742,166,908,927,1835,258,149,52,2036,23345,60314964
2020-03-03,1034,229,1263,1000,2263,428,160,79,2502,25856,60314498
2020-03-04,1346,295,1641,1065,2706,443,276,107,3089,29837,60313911
2020-03-05,1790,351,2141,1155,3296,590,414,148,3858,32362,60313142
2020-03-06,2394,462,2856,1060,3916,620,523,197,4636,36359,60312364
2020-03-07,2651,567,3218,1843,5061,1145,589,233,5883,42062,60311117
2020-03-08,3557,650,4207,2180,6387,1326,622,366,7375,49937,60309625
2020-03-09,4316,733,5049,2936,7985,1598,724,463,9172,53826,60307828
2020-03-10,5038,877,5915,2599,8514,529,1004,631,10149,60761,60306851
